20
0 1 111
0 2 895
0 3 501
0 4 374
0 5 562
0 6 772
0 7 483
0 8 604
0 9 165
0 10 576
0 11 865
0 12 357
0 13 178
0 14 393
0 15 487
0 16 574
0 17 852
0 18 188
0 19 288
1 2 890
1 3 607
1 4 283
1 5 654
1 6 848
1 7 594
1 8 600
1 9 264
1 10 667
1 11 894
1 12 424
1 13 200
1 14 501
1 15 541
1 16 488
1 17 939
1 18 243
1 19 177
2 3 916
2 4 743
2 5 772
2 6 662
2 7 1035
2 8 290
2 9 1010
2 10 768
2 11 268
2 12 1230
2 13 716
2 14 903
2 15 527
2 16 664
2 17 818
2 18 723
2 19 888
3 4 799
3 5 171
3 6 422
3 7 139
3 8 700
3 9 427
3 10 183
3 11 742
3 12 562
3 13 490
3 14 109
3 15 393
3 16 951
3 17 420
3 18 421
3 19 773
4 5 790
4 6 919
4 7 823
4 8 482
4 9 539
4 10 800
4 11 830
4 12 706
4 13 308
4 14 705
4 15 582
4 16 206
4 17 1043
4 18 377
4 19 165
5 6 256
5 7 311
5 8 589
5 9 534
5 10 15
5 11 578
5 12 703
5 13 493
5 14 233
5 15 276
5 16 911
5 17 292
5 18 427
5 19 800
6 7 561
6 8 578
6 9 774
6 10 242
6 11 414
6 12 956
6 13 660
6 14 489
6 15 336
6 16 993
6 17 158
6 18 605
6 19 968
7 8 801
7 9 368
7 10 323
7 11 875
7 12 455
7 13 521
7 14 138
7 15 507
7 16 995
7 17 546
7 18 457
7 19 770
8 9 726
8 10 590
8 11 354
8 12 945
8 13 426
8 14 663
8 15 313
8 16 463
8 17 733
8 18 438
8 19 612
9 10 549
9 11 942
9 12 220
9 13 311
9 14 319
9 15 543
9 16 739
9 17 824
9 18 288
9 19 439
10 11 571
10 12 718
10 13 504
10 14 248
10 15 278
10 16 919
10 17 277
10 18 439
10 19 813
11 12 1158
11 13 696
11 14 758
11 15 401
11 16 814
11 17 563
11 18 677
11 19 944
12 13 525
12 14 470
12 15 757
12 16 912
12 17 981
12 18 508
12 19 573
13 14 398
13 15 342
13 16 474
13 17 765
13 18 69
13 19 310
14 15 376
14 16 867
14 17 512
14 18 330
14 19 669
15 16 666
15 17 468
15 18 301
15 19 641
16 17 1134
16 18 538
16 19 361
17 18 703
17 19 1076
18 19 373
