15
0 1 573
0 2 51
0 3 388
0 4 403
0 5 676
0 6 46
0 7 122
0 8 493
0 9 444
0 10 320
0 11 153
0 12 256
0 13 158
0 14 546
1 2 524
1 3 322
1 4 720
1 5 411
1 6 530
1 7 691
1 8 709
1 9 314
1 10 314
1 11 523
1 12 639
1 13 643
1 14 456
2 3 339
2 4 422
2 5 646
2 6 31
2 7 173
2 8 503
2 9 412
2 10 270
2 11 125
2 12 277
2 13 169
2 14 504
3 4 704
3 5 653
3 6 363
3 7 507
3 8 747
3 9 452
3 10 80
3 11 268
3 12 575
3 13 384
3 14 201
4 5 561
4 6 390
4 7 379
4 8 121
4 9 428
4 10 624
4 11 547
4 12 146
4 13 552
4 14 897
5 6 631
5 7 755
5 8 483
5 9 235
5 10 600
5 11 721
5 12 571
5 13 812
5 14 834
6 7 161
6 8 472
6 9 398
6 10 291
6 11 156
6 12 245
6 13 192
6 14 532
7 8 489
7 9 532
7 10 442
7 11 253
7 12 245
7 13 194
7 14 654
8 9 398
8 10 667
8 11 627
8 12 244
8 13 648
8 14 946
9 10 387
9 11 486
9 12 385
9 13 577
9 14 648
10 11 221
10 12 496
10 13 342
10 14 279
11 12 401
11 13 121
11 14 400
12 13 407
12 14 763
13 14 490
